[gd_scene load_steps=3 format=2]

[ext_resource path="res://assets/materials/light_beam/LightBeam.tres" type="Material" id=1]

[sub_resource type="QuadMesh" id=1]
size = Vector2( 0.485, 10 )

[node name="LightBeam" type="Spatial"]

[node name="Ray1" type="MeshInstance" parent="."]
transform = Transform( 0.970688, -0.240173, -0.00903873, 0.109425, 0.408146, 0.906335, -0.213988, -0.880758, 0.422463, 0.637656, 1.40556, 0.806088 )
mesh = SubResource( 1 )
material/0 = ExtResource( 1 )

[node name="Ray2" type="MeshInstance" parent="."]
transform = Transform( 0.970688, -0.240173, -0.00903873, 0.109425, 0.408146, 0.906335, -0.213988, -0.880758, 0.422463, 0.826306, 1.40556, 0.806088 )
mesh = SubResource( 1 )
material/0 = ExtResource( 1 )

[node name="Ray3" type="MeshInstance" parent="."]
transform = Transform( 0.970688, -0.240173, -0.00903873, 0.109425, 0.408146, 0.906335, -0.213988, -0.880758, 0.422463, 0.981655, 1.40556, 0.806088 )
mesh = SubResource( 1 )
material/0 = ExtResource( 1 )

[node name="Ray4" type="MeshInstance" parent="."]
transform = Transform( 0.970688, -0.240173, -0.00903873, 0.109425, 0.408146, 0.906335, -0.213988, -0.880758, 0.422463, 0.530922, 1.40556, 0.806088 )
mesh = SubResource( 1 )
material/0 = ExtResource( 1 )

[node name="Ray5" type="MeshInstance" parent="."]
transform = Transform( 0.970688, -0.240173, -0.00903873, 0.109425, 0.408146, 0.906335, -0.213988, -0.880758, 0.422463, 0.354066, 1.40556, 0.806088 )
mesh = SubResource( 1 )
material/0 = ExtResource( 1 )

[node name="Ray6" type="MeshInstance" parent="."]
transform = Transform( 0.970688, -0.240173, -0.00903873, 0.109425, 0.408146, 0.906335, -0.213988, -0.880758, 0.422463, 1.14202, 1.40556, 0.806088 )
mesh = SubResource( 1 )
material/0 = ExtResource( 1 )

[node name="SpotLight" type="SpotLight" parent="."]
transform = Transform( -0.972658, 0.102179, -0.208555, -1.43361e-07, 0.898012, 0.439971, 0.232241, 0.427941, -0.873459, -1.42167, 5.18052, -7.99476 )
light_color = Color( 0.486275, 0.576471, 1, 1 )
light_energy = 18.0
shadow_enabled = true
shadow_bias = 0.03
spot_range = 18.3
spot_attenuation = 0.0110486
spot_angle = 7.0
spot_angle_attenuation = 78.7931
