[gd_scene load_steps=23 format=2]

[ext_resource path="res://assets/architecture/Wall.tscn" type="PackedScene" id=1]
[ext_resource path="res://assets/architecture/Floor.tscn" type="PackedScene" id=2]
[ext_resource path="res://assets/architecture/WallWithDoor.tscn" type="PackedScene" id=3]
[ext_resource path="res://assets/architecture/WallWithWindow.tscn" type="PackedScene" id=4]
[ext_resource path="res://assets/architecture/Pillar.tscn" type="PackedScene" id=5]
[ext_resource path="res://assets/architecture/Arch.tscn" type="PackedScene" id=6]
[ext_resource path="res://assets/architecture/Torch.tscn" type="PackedScene" id=7]
[ext_resource path="res://assets/architecture/GodRay.tscn" type="PackedScene" id=8]
[ext_resource path="res://FantasyCellar.lmbake" type="BakedLightmapData" id=9]
[ext_resource path="res://assets/materials/dust_motes/DustMotesParticles.tres" type="Material" id=10]
[ext_resource path="res://assets/materials/dust_motes/DustMotes.tres" type="QuadMesh" id=11]
[ext_resource path="res://assets/props/Barrel.tscn" type="PackedScene" id=12]
[ext_resource path="res://assets/props/Crate.tscn" type="PackedScene" id=13]
[ext_resource path="res://assets/props/Bottle.tscn" type="PackedScene" id=14]
[ext_resource path="res://assets/props/Plank.tscn" type="PackedScene" id=15]
[ext_resource path="res://assets/props/Shelves.tscn" type="PackedScene" id=16]
[ext_resource path="res://assets/props/Beam.tscn" type="PackedScene" id=17]
[ext_resource path="res://assets/player/Player.tscn" type="PackedScene" id=18]
[ext_resource path="res://assets/FogArea.gd" type="Script" id=19]

[sub_resource type="ProceduralSky" id=1]
sky_top_color = Color( 0, 0.137255, 0.211765, 1 )
sky_horizon_color = Color( 0, 0, 0, 1 )
ground_energy = 0.0
sun_color = Color( 0.596078, 0.643137, 1, 1 )
sun_latitude = 22.0
sun_longitude = -14.0
sun_curve = 0.00412348
sun_energy = 4.0

[sub_resource type="Environment" id=2]
background_mode = 2
background_sky = SubResource( 1 )
fog_enabled = true
fog_color = Color( 0.4, 0.443137, 0.643137, 1 )
fog_sun_color = Color( 0.701961, 0.752941, 1, 1 )
fog_depth_enabled = false
fog_height_enabled = true
fog_height_min = 2.0
fog_height_max = -12.0
fog_height_curve = 1.56917
tonemap_mode = 2
ssao_enabled = true
ssao_radius = 0.2
ssao_intensity = 0.5
ssao_radius2 = 0.5
ssao_intensity2 = 0.5
ssao_ao_channel_affect = 1.0
glow_enabled = true
glow_intensity = 1.7
glow_hdr_threshold = 0.27
glow_hdr_scale = 1.11
glow_bicubic_upscale = true

[sub_resource type="BoxShape" id=3]
extents = Vector3( 12, 3, 8 )

[node name="FantasyCellar" type="Spatial"]

[node name="Props" type="Spatial" parent="."]

[node name="Barrel" parent="Props" instance=ExtResource( 12 )]
transform = Transform( 1, 0, 0, 0, 1, 0, 0, 0, 1, -1.28242, 0.376739, -1.67664 )

[node name="Barrel7" parent="Props" instance=ExtResource( 12 )]
transform = Transform( -0.00947696, 0, -0.999955, 0, 1, 0, 0.999955, 0, -0.00947696, -1.67256, 0.376739, 2.51056 )

[node name="Barrel12" parent="Props" instance=ExtResource( 12 )]
transform = Transform( -0.480009, 0, 0.877263, 0, 1, 0, -0.877263, 0, -0.480009, 1.70714, 0.376739, 10.9693 )

[node name="Barrel13" parent="Props" instance=ExtResource( 12 )]
transform = Transform( -0.928466, 0, 0.371416, 0, 1, 0, -0.371416, 0, -0.928466, 1.70714, 0.376739, 11.5647 )

[node name="Barrel20" parent="Props" instance=ExtResource( 12 )]
transform = Transform( -0.240025, 0, 0.970767, 0, 1, 0, -0.970767, 0, -0.240025, 4.75767, 0.376739, 17.6743 )

[node name="Barrel21" parent="Props" instance=ExtResource( 12 )]
transform = Transform( -0.0234725, 0, -0.999724, 0, 1, 0, 0.999724, 0, -0.0234725, 5.46542, 0.376739, 17.6743 )

[node name="Barrel14" parent="Props" instance=ExtResource( 12 )]
transform = Transform( 0.860866, 0, 0.508831, 0, 1, 0, -0.508831, 0, 0.860866, 1.70714, 0.376739, 12.1713 )

[node name="Barrel15" parent="Props" instance=ExtResource( 12 )]
transform = Transform( -0.00947696, 0, -0.999955, 0, 1, 0, 0.999955, 0, -0.00947696, 1.70714, 0.376739, 12.8388 )

[node name="Barrel16" parent="Props" instance=ExtResource( 12 )]
transform = Transform( -0.00947696, 0, -0.999955, 0, 1, 0, 0.999955, 0, -0.00947696, 1.70714, 1.11571, 12.4835 )

[node name="Barrel17" parent="Props" instance=ExtResource( 12 )]
transform = Transform( 0.823948, 0, 0.566665, 0, 1, 0, -0.566665, 0, 0.823948, 1.70714, 1.11571, 11.8471 )

[node name="Barrel18" parent="Props" instance=ExtResource( 12 )]
transform = Transform( -0.999512, 0, -0.0312363, 0, 1, 0, 0.0312363, 0, -0.999512, 1.70714, 1.11571, 11.2752 )

[node name="Barrel19" parent="Props" instance=ExtResource( 12 )]
transform = Transform( 0.50145, 0, 0.865186, 0, 1, 0, -0.865186, 0, 0.50145, 1.70714, 1.85201, 11.6248 )

[node name="Barrel9" parent="Props" instance=ExtResource( 12 )]
transform = Transform( -0.00947696, 0, -0.999955, -0.994505, 0.104268, 0.0094253, 0.104263, 0.994549, -0.000988145, -1.67256, 0.28536, 3.18278 )

[node name="Barrel8" parent="Props" instance=ExtResource( 12 )]
transform = Transform( 1, 0, 0, 0, 1, 0, 0, 0, 1, -1.67256, 1.12073, 2.51806 )

[node name="Barrel2" parent="Props" instance=ExtResource( 12 )]
transform = Transform( -0.354454, 0, -0.935073, 0, 1, 0, 0.935073, 0, -0.354454, -0.70139, 0.376739, -1.67664 )

[node name="Barrel3" parent="Props" instance=ExtResource( 12 )]
transform = Transform( -0.601773, 0, -0.798667, 0, 1, 0, 0.798667, 0, -0.601773, -0.114965, 0.376739, -1.67664 )

[node name="Barrel5" parent="Props" instance=ExtResource( 12 )]
transform = Transform( 0.266061, 0, -0.963956, 0, 1, 0, 0.963956, 0, 0.266061, -0.415343, 1.11525, -1.67664 )

[node name="Barrel6" parent="Props" instance=ExtResource( 12 )]
transform = Transform( -0.717202, 0, 0.696865, 0, 1, 0, -0.696865, 0, -0.717202, -1.03988, 1.11525, -1.67618 )

[node name="Barrel4" parent="Props" instance=ExtResource( 12 )]
transform = Transform( 0.576061, 0, 0.817406, 0, 1, 0, -0.817406, 0, 0.576061, 1.37674, 0.376739, -1.67664 )

[node name="Barrel10" parent="Props" instance=ExtResource( 12 )]
transform = Transform( -0.98179, 0, 0.189969, 0, 1, 0, -0.189969, 0, -0.98179, 6.49308, 0.376739, -1.61867 )

[node name="Barrel11" parent="Props" instance=ExtResource( 12 )]
transform = Transform( 0.867549, 0, -0.497352, 0, 1, 0, 0.497352, 0, 0.867549, 9.49307, 0.376739, 2.0535 )

[node name="Barrel22" parent="Props" instance=ExtResource( 12 )]
transform = Transform( 0.867549, 0, -0.497352, 0, 1, 0, 0.497352, 0, 0.867549, 13.7009, 0.376739, -1.50965 )

[node name="Barrel24" parent="Props" instance=ExtResource( 12 )]
transform = Transform( 0.875835, 0, 0.482611, 0, 1, 0, -0.482611, 0, 0.875835, 13.2733, 0.376739, -1.12758 )

[node name="Barrel23" parent="Props" instance=ExtResource( 12 )]
transform = Transform( 0.0774158, 0, -0.996999, 0, 1, 0, 0.996999, 0, 0.0774158, 13.1607, 0.376739, -1.66317 )

[node name="Crate" parent="Props" instance=ExtResource( 13 )]
transform = Transform( 1, 0, 0, 0, 1, 0, 0, 0, 1, -0.78476, 1.48673, -1.74522 )

[node name="Crate2" parent="Props" instance=ExtResource( 13 )]
transform = Transform( -0.149225, 0, 0.988803, 0, 1, 0, -0.988803, 0, -0.149225, -1.70533, 1.19209e-07, 5.40471 )

[node name="Bottle" parent="Props/Crate2" instance=ExtResource( 14 )]
transform = Transform( 0.0630518, 0, 0.99801, 0, 1, 0, -0.99801, 0, 0.0630518, 0.192424, 0.0607647, 0.0550945 )

[node name="Bottle2" parent="Props/Crate2" instance=ExtResource( 14 )]
transform = Transform( 0.315119, 0, 0.949052, 0, 1, 0, -0.949052, 0, 0.315119, 0.190421, 0.0607647, -0.0484655 )

[node name="Bottle3" parent="Props/Crate2" instance=ExtResource( 14 )]
transform = Transform( -0.488682, 0, -0.872462, 0, 1, 0, 0.872462, 0, -0.488682, 0.100666, 0.0607647, 0.00634909 )

[node name="Bottle4" parent="Props/Crate2" instance=ExtResource( 14 )]
transform = Transform( 0.0788245, 0, 0.996889, 0, 1, 0, -0.996889, 0, 0.0788245, -0.19656, 0.0607647, 0.0502508 )

[node name="Bottle5" parent="Props/Crate2" instance=ExtResource( 14 )]
transform = Transform( 0.938304, -0.345809, 0.00177991, 0.326844, 0.885141, -0.331208, 0.112959, 0.311355, 0.943557, -0.0628619, 0.0607647, 0.00845551 )

[node name="Crate7" parent="Props" instance=ExtResource( 13 )]
transform = Transform( -0.997573, 0, -0.0696347, 0, 1, 0, 0.0696347, 0, -0.997573, 5.14336, 0.748828, 17.8145 )

[node name="Bottle" parent="Props/Crate7" instance=ExtResource( 14 )]
transform = Transform( 0.0630518, 0, 0.99801, 0, 1, 0, -0.99801, 0, 0.0630518, 0.192424, 0.0607647, 0.0550945 )

[node name="Bottle2" parent="Props/Crate7" instance=ExtResource( 14 )]
transform = Transform( 0.315119, 0, 0.949052, 0, 1, 0, -0.949052, 0, 0.315119, 0.190421, 0.0607647, -0.0484655 )

[node name="Bottle3" parent="Props/Crate7" instance=ExtResource( 14 )]
transform = Transform( -0.488682, 0, -0.872462, 0, 1, 0, 0.872462, 0, -0.488682, 0.100666, 0.0607647, 0.00634909 )

[node name="Bottle4" parent="Props/Crate7" instance=ExtResource( 14 )]
transform = Transform( 0.0788245, 0, 0.996889, 0, 1, 0, -0.996889, 0, 0.0788245, -0.19656, 0.0607647, 0.0502508 )

[node name="Bottle5" parent="Props/Crate7" instance=ExtResource( 14 )]
transform = Transform( 0.938304, -0.345809, 0.00177991, 0.326844, 0.885141, -0.331208, 0.112959, 0.311355, 0.943557, -0.0628619, 0.0607647, 0.00845551 )

[node name="Crate3" parent="Props" instance=ExtResource( 13 )]
transform = Transform( -0.0696869, 0, 0.997569, 0, 1, 0, -0.997569, 0, -0.0696869, 1.81356, 0.0593283, 6.90251 )

[node name="Crate4" parent="Props" instance=ExtResource( 13 )]
transform = Transform( -0.0836953, 0, -0.996491, 0, 1, 0, 0.996491, 0, -0.0836953, 1.81356, 0.0593283, 7.52793 )

[node name="Crate5" parent="Props" instance=ExtResource( 13 )]
transform = Transform( -0.106663, 0, 0.994295, 0, 1, 0, -0.994295, 0, -0.106663, 1.81356, 0.368864, 7.47167 )

[node name="Crate6" parent="Props" instance=ExtResource( 13 )]
transform = Transform( -0.0157074, 0, -0.999877, 0, 1, 0, 0.999877, 0, -0.0157074, 1.76229, 0.368389, 6.84573 )

[node name="Plank" parent="Props" instance=ExtResource( 15 )]
transform = Transform( -0.994295, 0, -0.106663, 0.095207, 0.450862, -0.887502, 0.0480904, -0.892594, -0.44829, 1.78594, 0.579589, 7.42912 )

[node name="Plank2" parent="Props" instance=ExtResource( 15 )]
transform = Transform( -0.994295, 0, -0.106663, 0.0517065, 0.874645, -0.481998, 0.0932925, -0.484764, -0.869655, 1.78594, 0.273034, 7.90646 )

[node name="Plank3" parent="Props" instance=ExtResource( 15 )]
transform = Transform( -0.994295, 0, -0.106663, -0.0576301, 0.841473, 0.537217, 0.0897543, 0.540299, -0.836673, 1.84158, 0.273034, 6.39043 )

[node name="Beam" parent="Props" instance=ExtResource( 17 )]
transform = Transform( 1, 0, 0, 0, 0.973539, 0.228521, 0, -0.228521, 0.973539, 1.94581, 0.682873, 6.4001 )

[node name="Bottle" parent="Props" instance=ExtResource( 14 )]
transform = Transform( 1, 0, 0, 0, 1, 0, 0, 0, 1, 4.77823, 0.716187, 17.6363 )

[node name="Plank4" parent="Props" instance=ExtResource( 15 )]
transform = Transform( 1, 0, 0, 0, 0.953375, -0.301788, 0, 0.301788, 0.953375, 13.1404, 0.276241, 17.8849 )

[node name="Plank5" parent="Props" instance=ExtResource( 15 )]
transform = Transform( -1, 1.87216e-08, -1.4521e-07, -2.63831e-08, 1.28921, 0.274177, 1.43474e-07, 0.367558, -0.961679, 13.228, 0.373546, 17.8668 )

[node name="Shelves" parent="Props" instance=ExtResource( 16 )]
transform = Transform( 1, 0, 0, 0, 1, 0, 0, 0, 1, 7.04132, 0.0219395, 14.2898 )

[node name="Bottle" parent="Props/Shelves" instance=ExtResource( 14 )]
transform = Transform( 1, 0, 0, 0, 1, 0, 0, 0, 1, -0.143579, 1.35479, -0.0366793 )

[node name="Bottle2" parent="Props/Shelves" instance=ExtResource( 14 )]
transform = Transform( 0.648107, 0, -0.76155, 0, 1, 0, 0.76155, 0, 0.648107, -0.323319, 1.35479, -0.0674057 )

[node name="Shelves2" parent="Props" instance=ExtResource( 16 )]
transform = Transform( 1, 0, 0, 0, 1, 0, 0, 0, 1, 7.07939, 0.0123745, 5.70593 )

[node name="Crate" parent="Props/Shelves2" instance=ExtResource( 13 )]
transform = Transform( 0.836765, 0, 0.162635, 0, 0.852423, 0, -0.162635, 0, 0.836765, 0.272273, 0.558862, -0.0448813 )

[node name="Crate2" parent="Props/Shelves2" instance=ExtResource( 13 )]
transform = Transform( -0.779817, 0, -0.122116, 0, 0.78932, 0, 0.122116, 0, -0.779817, 0.283253, 0.15943, 0.0116119 )

[node name="Crate3" parent="Props/Shelves2" instance=ExtResource( 13 )]
transform = Transform( -0.827432, 0, 0.0618082, 0, 0.829737, 0, -0.0618082, 0, -0.827432, 0.283253, 0.959005, 0.0116119 )

[node name="Crate4" parent="Props/Shelves2" instance=ExtResource( 13 )]
transform = Transform( 0.815335, 0, 0.153926, 0, 0.829737, 0, -0.153926, 0, 0.815335, 0.212871, 1.36154, 0.0248995 )

[node name="Crate5" parent="Props/Shelves2" instance=ExtResource( 13 )]
transform = Transform( -0.876695, 0, -0.0945121, 0, 0.881774, 0, 0.0945121, 0, -0.876695, -0.305346, 0.558862, 0.0268116 )

[node name="Crate6" parent="Props/Shelves2" instance=ExtResource( 13 )]
transform = Transform( 0.827648, 0, -0.0588474, 0, 0.829737, 0, 0.0588474, 0, 0.827648, -0.305346, 0.15943, 0.0116119 )

[node name="Crate7" parent="Props/Shelves2" instance=ExtResource( 13 )]
transform = Transform( 0.786735, 0, 0.194916, 0, 0.810521, 0, -0.194916, 0, 0.786735, -0.305346, 0.959005, 0.0116119 )

[node name="Crate8" parent="Props/Shelves2" instance=ExtResource( 13 )]
transform = Transform( -0.841433, 0, -0.125993, 0, 0.850814, 0, 0.125993, 0, -0.841433, -0.380156, 1.36154, 0.0228138 )

[node name="Crate9" parent="Props/Shelves2" instance=ExtResource( 13 )]
transform = Transform( 0.444557, 0.895751, 0, -0.895751, 0.444557, 0, 0, 0, 1, 0.721849, 0.261207, 0.099503 )

[node name="Bottle2" parent="Props" instance=ExtResource( 14 )]
transform = Transform( 0.345937, 0, 0.938258, 0, 1, 0, -0.938258, 0, 0.345937, 10.3545, 0.00893694, 5.86383 )

[node name="Bottle3" parent="Props" instance=ExtResource( 14 )]
transform = Transform( -0.10373, 0.994605, 0, -0.994605, -0.10373, 0, 0, 0, 1, 10.478, 0.0751664, 5.91646 )

[node name="Shelves3" parent="Props" instance=ExtResource( 16 )]
transform = Transform( 1, 0, 0, 0, 1, 0, 0, 0, 1, 3.14236, 0.00498533, -1.72853 )

[node name="Bottle" parent="Props/Shelves3" instance=ExtResource( 14 )]
transform = Transform( -0.105205, -4.34688e-08, -0.994451, -0.994451, 4.59868e-09, 0.105205, 0, 1, -4.37114e-08, 0.0836098, 0.615091, -0.0830204 )

[node name="Bottle2" parent="Props/Shelves3" instance=ExtResource( 14 )]
transform = Transform( 1, 0, 0, 0, -4.37114e-08, -1, 0, 1, -4.37114e-08, 0.190108, 0.615091, -0.0830204 )

[node name="Bottle3" parent="Props/Shelves3" instance=ExtResource( 14 )]
transform = Transform( -0.0284276, -4.36937e-08, -0.999596, -0.999596, 1.24261e-09, 0.0284276, 0, 1, -4.37114e-08, 0.298458, 0.61509, -0.0830204 )

[node name="Bottle4" parent="Props/Shelves3" instance=ExtResource( 14 )]
transform = Transform( -0.149397, 4.32208e-08, 0.988777, 0.988777, 6.53036e-09, 0.149397, 0, 1, -4.37114e-08, 0.407658, 0.615091, -0.0830204 )

[node name="Bottle5" parent="Props/Shelves3" instance=ExtResource( 14 )]
transform = Transform( 1, 0, 0, 0, -4.37114e-08, -1, 0, 1, -4.37114e-08, 0.513915, 0.615091, -0.0830204 )

[node name="Bottle6" parent="Props/Shelves3" instance=ExtResource( 14 )]
transform = Transform( -0.662149, 3.27561e-08, 0.749372, 0.749372, 2.89435e-08, 0.662149, 0, 1, -4.37114e-08, 0.461426, 0.700993, -0.0830204 )

[node name="Bottle7" parent="Props/Shelves3" instance=ExtResource( 14 )]
transform = Transform( -0.367654, 4.065e-08, 0.929963, 0.929963, 1.60707e-08, 0.367654, 0, 1, -4.37114e-08, 0.352708, 0.700993, -0.0830204 )

[node name="Bottle8" parent="Props/Shelves3" instance=ExtResource( 14 )]
transform = Transform( 1, 0, 0, 0, -4.37114e-08, -1, 0, 1, -4.37114e-08, 0.245578, 0.700993, -0.0830204 )

[node name="Bottle9" parent="Props/Shelves3" instance=ExtResource( 14 )]
transform = Transform( 1, 0, 0, 0, -4.37114e-08, -1, 0, 1, -4.37114e-08, 0.301824, 0.78877, -0.0830204 )

[node name="Bottle10" parent="Props/Shelves3" instance=ExtResource( 14 )]
transform = Transform( -0.262947, -4.21732e-08, -0.96481, -0.96481, 1.14938e-08, 0.262947, 0, 1, -4.37114e-08, 0.408865, 0.78877, -0.0830204 )

[node name="Bottle11" parent="Props/Shelves3" instance=ExtResource( 14 )]
transform = Transform( 1, 0, 0, 0, -4.37114e-08, -1, 0, 1, -4.37114e-08, -0.5035, 0.216652, -0.0830204 )

[node name="Bottle12" parent="Props/Shelves3" instance=ExtResource( 14 )]
transform = Transform( 0.0293871, -4.36925e-08, -0.999568, -0.999568, -1.28455e-09, -0.0293871, 0, 1, -4.37114e-08, -0.397002, 0.216652, -0.0830204 )

[node name="Bottle13" parent="Props/Shelves3" instance=ExtResource( 14 )]
transform = Transform( 0.510228, 3.75935e-08, 0.860039, 0.860039, -2.23028e-08, -0.510228, 0, 1, -4.37114e-08, -0.288652, 0.216652, -0.0830204 )

[node name="Bottle14" parent="Props/Shelves3" instance=ExtResource( 14 )]
transform = Transform( -0.55297, -3.64204e-08, -0.833201, -0.833201, 2.41711e-08, 0.55297, 0, 1, -4.37114e-08, -0.179452, 0.216652, -0.0830204 )

[node name="Bottle15" parent="Props/Shelves3" instance=ExtResource( 14 )]
transform = Transform( 1, 0, 0, 0, -4.37114e-08, -1, 0, 1, -4.37114e-08, -0.0731947, 0.216652, -0.0830204 )

[node name="Bottle16" parent="Props/Shelves3" instance=ExtResource( 14 )]
transform = Transform( -0.507839, 3.76553e-08, 0.861452, 0.861452, 2.21984e-08, 0.507839, 0, 1, -4.37114e-08, -0.125684, 0.302554, -0.0830204 )

[node name="Bottle17" parent="Props/Shelves3" instance=ExtResource( 14 )]
transform = Transform( 1, 0, 0, 0, -4.37114e-08, -1, 0, 1, -4.37114e-08, -0.234402, 0.302554, -0.0830204 )

[node name="Bottle18" parent="Props/Shelves3" instance=ExtResource( 14 )]
transform = Transform( 1, 0, 0, 0, -4.37114e-08, -1, 0, 1, -4.37114e-08, -0.341532, 0.302554, -0.0830204 )

[node name="Bottle19" parent="Props/Shelves3" instance=ExtResource( 14 )]
transform = Transform( 0.664005, 3.26843e-08, 0.747729, 0.747729, -2.90246e-08, -0.664005, 0, 1, -4.37114e-08, -0.285286, 0.390331, -0.0830204 )

[node name="Bottle20" parent="Props/Shelves3" instance=ExtResource( 14 )]
transform = Transform( -0.50647, -3.76905e-08, -0.862257, -0.862257, 2.21385e-08, 0.50647, 0, 1, -4.37114e-08, -0.452498, 0.302148, -0.0830204 )

[node name="Crate" parent="Props/Shelves3" instance=ExtResource( 13 )]
transform = Transform( 0.841042, 0, 0.268459, 0, 0.882849, 0, -0.268459, 0, 0.841042, -0.270512, 0.958131, 0.0412669 )

[node name="Shelves4" parent="Props" instance=ExtResource( 16 )]
transform = Transform( -1, 0, -8.74228e-08, 0, 1, 0, 8.74228e-08, 0, -1, 11.0647, 0.00498533, 17.7343 )

[node name="Bottle" parent="Props/Shelves4" instance=ExtResource( 14 )]
transform = Transform( -0.105205, -4.34688e-08, -0.994451, -0.994451, 4.59868e-09, 0.105205, 0, 1, -4.37114e-08, -0.508753, 1.01467, -0.0830212 )

[node name="Bottle2" parent="Props/Shelves4" instance=ExtResource( 14 )]
transform = Transform( 1, 0, 0, 0, -4.37114e-08, -1, 0, 1, -4.37114e-08, -0.402255, 1.01467, -0.0830135 )

[node name="Bottle3" parent="Props/Shelves4" instance=ExtResource( 14 )]
transform = Transform( -0.0284276, -4.36937e-08, -0.999596, -0.999596, 1.24261e-09, 0.0284276, 0, 1, -4.37114e-08, -0.293904, 1.01467, -0.0830173 )

[node name="Bottle4" parent="Props/Shelves4" instance=ExtResource( 14 )]
transform = Transform( -0.149397, 4.32208e-08, 0.988777, 0.988777, 6.53036e-09, 0.149397, 0, 1, -4.37114e-08, -0.184705, 1.01467, -0.0830173 )

[node name="Bottle21" parent="Props/Shelves4" instance=ExtResource( 14 )]
transform = Transform( -0.726814, 0, -0.686834, 0, 1, 0, 0.686834, 0, -0.726814, 0.28968, 0.963024, 0.0631199 )

[node name="Bottle5" parent="Props/Shelves4" instance=ExtResource( 14 )]
transform = Transform( 1, 0, 0, 0, -4.37114e-08, -1, 0, 1, -4.37114e-08, -0.0784473, 1.01467, -0.0830173 )

[node name="Bottle6" parent="Props/Shelves4" instance=ExtResource( 14 )]
transform = Transform( -0.662149, 3.27561e-08, 0.749372, 0.749372, 2.89435e-08, 0.662149, 0, 1, -4.37114e-08, -0.130936, 1.10057, -0.0830154 )

[node name="Bottle7" parent="Props/Shelves4" instance=ExtResource( 14 )]
transform = Transform( -0.367654, 4.065e-08, 0.929963, 0.929963, 1.60707e-08, 0.367654, 0, 1, -4.37114e-08, -0.239655, 1.10057, -0.0830154 )

[node name="Bottle8" parent="Props/Shelves4" instance=ExtResource( 14 )]
transform = Transform( 1, 0, 0, 0, -4.37114e-08, -1, 0, 1, -4.37114e-08, -0.346784, 1.10057, -0.0830173 )

[node name="Bottle9" parent="Props/Shelves4" instance=ExtResource( 14 )]
transform = Transform( 1, 0, 0, 0, -4.37114e-08, -1, 0, 1, -4.37114e-08, -0.290539, 1.18835, -0.0830154 )

[node name="Bottle10" parent="Props/Shelves4" instance=ExtResource( 14 )]
transform = Transform( -0.262947, -4.21732e-08, -0.96481, -0.96481, 1.14938e-08, 0.262947, 0, 1, -4.37114e-08, -0.183497, 1.18835, -0.0830154 )

[node name="Bottle11" parent="Props/Shelves4" instance=ExtResource( 14 )]
transform = Transform( 1, 0, 0, 0, -4.37114e-08, -1, 0, 1, -4.37114e-08, -0.5035, 0.216652, -0.0830204 )

[node name="Bottle12" parent="Props/Shelves4" instance=ExtResource( 14 )]
transform = Transform( 0.0293871, -4.36925e-08, -0.999568, -0.999568, -1.28455e-09, -0.0293871, 0, 1, -4.37114e-08, -0.397002, 0.216652, -0.0830204 )

[node name="Bottle13" parent="Props/Shelves4" instance=ExtResource( 14 )]
transform = Transform( 0.510228, 3.75935e-08, 0.860039, 0.860039, -2.23028e-08, -0.510228, 0, 1, -4.37114e-08, -0.288652, 0.216652, -0.0830204 )

[node name="Bottle14" parent="Props/Shelves4" instance=ExtResource( 14 )]
transform = Transform( -0.55297, -3.64204e-08, -0.833201, -0.833201, 2.41711e-08, 0.55297, 0, 1, -4.37114e-08, -0.179452, 0.216652, -0.0830204 )

[node name="Bottle15" parent="Props/Shelves4" instance=ExtResource( 14 )]
transform = Transform( 1, 0, 0, 0, -4.37114e-08, -1, 0, 1, -4.37114e-08, -0.0731947, 0.216652, -0.0830204 )

[node name="Bottle16" parent="Props/Shelves4" instance=ExtResource( 14 )]
transform = Transform( -0.507839, 3.76553e-08, 0.861452, 0.861452, 2.21984e-08, 0.507839, 0, 1, -4.37114e-08, -0.125684, 0.302554, -0.0830204 )

[node name="Bottle17" parent="Props/Shelves4" instance=ExtResource( 14 )]
transform = Transform( 1, 0, 0, 0, -4.37114e-08, -1, 0, 1, -4.37114e-08, -0.234402, 0.302554, -0.0830204 )

[node name="Bottle18" parent="Props/Shelves4" instance=ExtResource( 14 )]
transform = Transform( 1, 0, 0, 0, -4.37114e-08, -1, 0, 1, -4.37114e-08, -0.341532, 0.302554, -0.0830204 )

[node name="Bottle19" parent="Props/Shelves4" instance=ExtResource( 14 )]
transform = Transform( 0.664005, 3.26843e-08, 0.747729, 0.747729, -2.90246e-08, -0.664005, 0, 1, -4.37114e-08, -0.285286, 0.390331, -0.0830204 )

[node name="Bottle20" parent="Props/Shelves4" instance=ExtResource( 14 )]
transform = Transform( -0.50647, -3.76905e-08, -0.862257, -0.862257, 2.21385e-08, 0.50647, 0, 1, -4.37114e-08, -0.452498, 0.302148, -0.0830204 )

[node name="Crate" parent="Props/Shelves4" instance=ExtResource( 13 )]
transform = Transform( 0.841042, 0, 0.268459, 0, 0.882849, 0, -0.268459, 0, 0.841042, 0.273021, 0.157926, 0.0412827 )

[node name="Architecture" type="Spatial" parent="."]

[node name="Wall" parent="Architecture" instance=ExtResource( 1 )]
transform = Transform( -4.37114e-08, 0, 1, 0, 1, 0, -1, 0, -4.37114e-08, -2, 0, 0 )

[node name="Wall3" parent="Architecture" instance=ExtResource( 1 )]
transform = Transform( -5.96046e-08, 0, -1, 0, 1, 0, 1, 0, -5.96046e-08, 14, 0, 0 )

[node name="Wall2" parent="Architecture" instance=ExtResource( 1 )]
transform = Transform( -4.37114e-08, 0, 1, 0, 1, 0, -1, 0, -4.37114e-08, -2, 0, 4 )

[node name="Floor" parent="Architecture" instance=ExtResource( 2 )]

[node name="Floor2" parent="Architecture" instance=ExtResource( 2 )]
transform = Transform( 1, 0, 0, 0, 1, 0, 0, 0, 1, 4, 0, 0 )

[node name="Floor3" parent="Architecture" instance=ExtResource( 2 )]
transform = Transform( 1, 0, 0, 0, 1, 0, 0, 0, 1, 8, 0, 0 )

[node name="Floor4" parent="Architecture" instance=ExtResource( 2 )]
transform = Transform( 1, 0, 0, 0, 1, 0, 0, 0, 1, 12, 0, 0 )

[node name="Floor5" parent="Architecture" instance=ExtResource( 2 )]
transform = Transform( 1, 0, 0, 0, 1, 0, 0, 0, 1, 12, 0, 4 )

[node name="Floor6" parent="Architecture" instance=ExtResource( 2 )]
transform = Transform( 1, 0, 0, 0, 1, 0, 0, 0, 1, 8, 0, 4 )

[node name="Floor7" parent="Architecture" instance=ExtResource( 2 )]
transform = Transform( 1, 0, 0, 0, 1, 0, 0, 0, 1, 4, 0, 4 )

[node name="Floor8" parent="Architecture" instance=ExtResource( 2 )]
transform = Transform( 1, 0, 0, 0, 1, 0, 0, 0, 1, 0, 0, 4 )

[node name="Wall4" parent="Architecture" instance=ExtResource( 1 )]
transform = Transform( -4.37114e-08, 0, 1, 0, 1, 0, -1, 0, -4.37114e-08, -2, 0, 8 )

[node name="Wall5" parent="Architecture" instance=ExtResource( 1 )]
transform = Transform( -4.37114e-08, 0, 1, 0, 1, 0, -1, 0, -4.37114e-08, -2, 0, 12 )

[node name="Wall9" parent="Architecture" instance=ExtResource( 1 )]
transform = Transform( 1.31134e-07, 0, -1, 0, 1, 0, 1, 0, 1.31134e-07, 2, 0, 12 )

[node name="Wall10" parent="Architecture" instance=ExtResource( 1 )]
transform = Transform( 1.31134e-07, 0, -1, 0, 1, 0, 1, 0, 1.31134e-07, 2, 0, 8 )

[node name="Wall11" parent="Architecture" instance=ExtResource( 1 )]
transform = Transform( -1, 0, -8.74228e-08, 0, 1, 0, 8.74228e-08, 0, -1, 4, 0, 6 )

[node name="Wall12" parent="Architecture" instance=ExtResource( 1 )]
transform = Transform( -1, 0, -8.74228e-08, 0, 1, 0, 8.74228e-08, 0, -1, 8, 0, 6 )

[node name="Wall13" parent="Architecture" instance=ExtResource( 1 )]
transform = Transform( -1, 0, -8.74228e-08, 0, 1, 0, 8.74228e-08, 0, -1, 12, 0, 6 )

[node name="Floor10" parent="Architecture" instance=ExtResource( 2 )]
transform = Transform( 1, 0, 0, 0, 1, 0, 0, 0, 1, 0, 0, 8 )

[node name="Floor11" parent="Architecture" instance=ExtResource( 2 )]
transform = Transform( 1, 0, 0, 0, 1, 0, 0, 0, 1, 0, 0, 12 )

[node name="Wall6" parent="Architecture" instance=ExtResource( 1 )]
transform = Transform( -4.37114e-08, 0, 1, 0, 1, 0, -1, 0, -4.37114e-08, -2, 0, 16 )

[node name="Wall7" parent="Architecture" instance=ExtResource( 1 )]
transform = Transform( -1, 0, -8.74228e-08, 0, 1, 0, 8.74228e-08, 0, -1, 0, 0, 18 )

[node name="Floor12" parent="Architecture" instance=ExtResource( 2 )]
transform = Transform( 1, 0, 0, 0, 1, 0, 0, 0, 1, 0, 0, 16 )

[node name="Wall8" parent="Architecture" instance=ExtResource( 1 )]
transform = Transform( -1, 0, -8.74228e-08, 0, 1, 0, 8.74228e-08, 0, -1, 4, 0, 18 )

[node name="Wall14" parent="Architecture" instance=ExtResource( 1 )]
transform = Transform( 1, 0, 1.74846e-07, 0, 1, 0, -1.74846e-07, 0, 1, 4, 0, 14 )

[node name="Floor13" parent="Architecture" instance=ExtResource( 2 )]
transform = Transform( 1, 0, 0, 0, 1, 0, 0, 0, 1, 4, 0, 16 )

[node name="Wall15" parent="Architecture" instance=ExtResource( 1 )]
transform = Transform( -1, 0, -8.74228e-08, 0, 1, 0, 8.74228e-08, 0, -1, 8, 0, 18 )

[node name="Wall16" parent="Architecture" instance=ExtResource( 1 )]
transform = Transform( 1, 0, 1.74846e-07, 0, 1, 0, -1.74846e-07, 0, 1, 8, 0, 14 )

[node name="Floor14" parent="Architecture" instance=ExtResource( 2 )]
transform = Transform( 1, 0, 0, 0, 1, 0, 0, 0, 1, 8, 0, 16 )

[node name="Wall17" parent="Architecture" instance=ExtResource( 1 )]
transform = Transform( -1, 0, -8.74228e-08, 0, 1, 0, 8.74228e-08, 0, -1, 12, 0, 18 )

[node name="Wall18" parent="Architecture" instance=ExtResource( 1 )]
transform = Transform( 1, 0, 1.74846e-07, 0, 1, 0, -1.74846e-07, 0, 1, 12, 0, 14 )

[node name="Floor15" parent="Architecture" instance=ExtResource( 2 )]
transform = Transform( 1, 0, 0, 0, 1, 0, 0, 0, 1, 12, 0, 16 )

[node name="Floor9" parent="Architecture" instance=ExtResource( 2 )]
transform = Transform( 1, 0, 0, 0, 1, 0, 0, 0, 1, 16, 0, 4 )

[node name="Floor16" parent="Architecture" instance=ExtResource( 2 )]
transform = Transform( 1, 0, 0, 0, 1, 0, 0, 0, 1, 16, 0, 16 )

[node name="WallWithDoor" parent="Architecture" instance=ExtResource( 3 )]
transform = Transform( -4.37114e-08, 0, -1, 0, 1, 0, 1, 0, -4.37114e-08, 14, 0, 4 )

[node name="WallWithDoor2" parent="Architecture" instance=ExtResource( 3 )]
transform = Transform( -4.37114e-08, 0, -1, 0, 1, 0, 1, 0, -4.37114e-08, 14, 0, 16 )

[node name="WallWithWindow" parent="Architecture" instance=ExtResource( 4 )]
transform = Transform( 1, 0, 0, 0, 1, 0, 0, 0, 1, 0, 0, -2 )

[node name="WallWithWindow2" parent="Architecture" instance=ExtResource( 4 )]
transform = Transform( 1, 0, 0, 0, 1, 0, 0, 0, 1, 4, 0, -2 )

[node name="WallWithWindow3" parent="Architecture" instance=ExtResource( 4 )]
transform = Transform( 1, 0, 0, 0, 1, 0, 0, 0, 1, 8, 0, -2 )

[node name="WallWithWindow4" parent="Architecture" instance=ExtResource( 4 )]
transform = Transform( 1, 0, 0, 0, 1, 0, 0, 0, 1, 12, 0, -2 )

[node name="Pillar" parent="Architecture" instance=ExtResource( 5 )]
transform = Transform( 1, 0, 0, 0, 1, 0, 0, 0, 1, 2, 0, 2 )

[node name="Pillar2" parent="Architecture" instance=ExtResource( 5 )]
transform = Transform( 1, 0, 0, 0, 1, 0, 0, 0, 1, 6, 0, 2 )

[node name="Pillar3" parent="Architecture" instance=ExtResource( 5 )]
transform = Transform( 1, 0, 0, 0, 1, 0, 0, 0, 1, 10, 0, 2 )

[node name="Pillar4" parent="Architecture" instance=ExtResource( 5 )]
transform = Transform( 1, 0, 0, 0, 1, 0, 0, 0, 1, 14, 0, 2 )

[node name="Pillar5" parent="Architecture" instance=ExtResource( 5 )]
transform = Transform( 1, 0, 0, 0, 1, 0, 0, 0, 1, -2, 0, 2 )

[node name="Pillar6" parent="Architecture" instance=ExtResource( 5 )]
transform = Transform( 1, 0, 0, 0, 1, 0, 0, 0, 1, 2, 0, -2 )

[node name="Pillar7" parent="Architecture" instance=ExtResource( 5 )]
transform = Transform( 1, 0, 0, 0, 1, 0, 0, 0, 1, 6, 0, -2 )

[node name="Pillar8" parent="Architecture" instance=ExtResource( 5 )]
transform = Transform( 1, 0, 0, 0, 1, 0, 0, 0, 1, 10, 0, -2 )

[node name="Pillar9" parent="Architecture" instance=ExtResource( 5 )]
transform = Transform( 1, 0, 0, 0, 1, 0, 0, 0, 1, 14, 0, -2 )

[node name="Pillar10" parent="Architecture" instance=ExtResource( 5 )]
transform = Transform( 1, 0, 0, 0, 1, 0, 0, 0, 1, -2, 0, -2 )

[node name="Pillar11" parent="Architecture" instance=ExtResource( 5 )]
transform = Transform( 1, 0, 0, 0, 1, 0, 0, 0, 1, 2, 0, 6 )

[node name="Pillar12" parent="Architecture" instance=ExtResource( 5 )]
transform = Transform( 1, 0, 0, 0, 1, 0, 0, 0, 1, 6, 0, 6 )

[node name="Pillar13" parent="Architecture" instance=ExtResource( 5 )]
transform = Transform( 1, 0, 0, 0, 1, 0, 0, 0, 1, 10, 0, 6 )

[node name="Pillar14" parent="Architecture" instance=ExtResource( 5 )]
transform = Transform( 1, 0, 0, 0, 1, 0, 0, 0, 1, 14, 0, 6 )

[node name="Pillar15" parent="Architecture" instance=ExtResource( 5 )]
transform = Transform( 1, 0, 0, 0, 1, 0, 0, 0, 1, -2, 0, 6 )

[node name="Pillar16" parent="Architecture" instance=ExtResource( 5 )]
transform = Transform( 1, 0, 0, 0, 1, 0, 0, 0, 1, 2, 0, 18 )

[node name="Pillar17" parent="Architecture" instance=ExtResource( 5 )]
transform = Transform( 1, 0, 0, 0, 1, 0, 0, 0, 1, 6, 0, 18 )

[node name="Pillar18" parent="Architecture" instance=ExtResource( 5 )]
transform = Transform( 1, 0, 0, 0, 1, 0, 0, 0, 1, 10, 0, 18 )

[node name="Pillar19" parent="Architecture" instance=ExtResource( 5 )]
transform = Transform( 1, 0, 0, 0, 1, 0, 0, 0, 1, 14, 0, 18 )

[node name="Pillar20" parent="Architecture" instance=ExtResource( 5 )]
transform = Transform( 1, 0, 0, 0, 1, 0, 0, 0, 1, -2, 0, 18 )

[node name="Pillar21" parent="Architecture" instance=ExtResource( 5 )]
transform = Transform( 1, 0, 0, 0, 1, 0, 0, 0, 1, 2, 0, 14 )

[node name="Pillar26" parent="Architecture" instance=ExtResource( 5 )]
transform = Transform( 1, 0, 0, 0, 1, 0, 0, 0, 1, 2, 0, 10 )

[node name="Pillar27" parent="Architecture" instance=ExtResource( 5 )]
transform = Transform( 1, 0, 0, 0, 1, 0, 0, 0, 1, -2, 0, 10 )

[node name="Pillar22" parent="Architecture" instance=ExtResource( 5 )]
transform = Transform( 1, 0, 0, 0, 1, 0, 0, 0, 1, 6, 0, 14 )

[node name="Pillar23" parent="Architecture" instance=ExtResource( 5 )]
transform = Transform( 1, 0, 0, 0, 1, 0, 0, 0, 1, 10, 0, 14 )

[node name="Pillar24" parent="Architecture" instance=ExtResource( 5 )]
transform = Transform( 1, 0, 0, 0, 1, 0, 0, 0, 1, 14, 0, 14 )

[node name="Pillar25" parent="Architecture" instance=ExtResource( 5 )]
transform = Transform( 1, 0, 0, 0, 1, 0, 0, 0, 1, -2, 0, 14 )

[node name="Arch" parent="Architecture" instance=ExtResource( 6 )]

[node name="Arch2" parent="Architecture" instance=ExtResource( 6 )]
transform = Transform( 1, 0, 0, 0, 1, 0, 0, 0, 1, 4, 0, 0 )

[node name="Arch3" parent="Architecture" instance=ExtResource( 6 )]
transform = Transform( 1, 0, 0, 0, 1, 0, 0, 0, 1, 8, 0, 0 )

[node name="Arch4" parent="Architecture" instance=ExtResource( 6 )]
transform = Transform( 1, 0, 0, 0, 1, 0, 0, 0, 1, 12, 0, 0 )

[node name="Arch5" parent="Architecture" instance=ExtResource( 6 )]
transform = Transform( 1, 0, 0, 0, 1, 0, 0, 0, 1, 0, 0, 4 )

[node name="Arch13" parent="Architecture" instance=ExtResource( 6 )]
transform = Transform( 1, 0, 0, 0, 1, 0, 0, 0, 1, 0, 0, 8 )

[node name="Arch14" parent="Architecture" instance=ExtResource( 6 )]
transform = Transform( 1, 0, 0, 0, 1, 0, 0, 0, 1, 0, 0, 12 )

[node name="Arch6" parent="Architecture" instance=ExtResource( 6 )]
transform = Transform( 1, 0, 0, 0, 1, 0, 0, 0, 1, 4, 0, 4 )

[node name="Arch7" parent="Architecture" instance=ExtResource( 6 )]
transform = Transform( 1, 0, 0, 0, 1, 0, 0, 0, 1, 8, 0, 4 )

[node name="Arch8" parent="Architecture" instance=ExtResource( 6 )]
transform = Transform( 1, 0, 0, 0, 1, 0, 0, 0, 1, 12, 0, 4 )

[node name="Arch9" parent="Architecture" instance=ExtResource( 6 )]
transform = Transform( 1, 0, 0, 0, 1, 0, 0, 0, 1, 0, 0, 16 )

[node name="Arch10" parent="Architecture" instance=ExtResource( 6 )]
transform = Transform( 1, 0, 0, 0, 1, 0, 0, 0, 1, 4, 0, 16 )

[node name="Arch11" parent="Architecture" instance=ExtResource( 6 )]
transform = Transform( 1, 0, 0, 0, 1, 0, 0, 0, 1, 8, 0, 16 )

[node name="Arch12" parent="Architecture" instance=ExtResource( 6 )]
transform = Transform( 1, 0, 0, 0, 1, 0, 0, 0, 1, 12, 0, 16 )

[node name="Torch" parent="Architecture" instance=ExtResource( 7 )]
transform = Transform( 1, 0, 0, 0, 1, 0, 0, 0, 1, 6, 1.45, -1.781 )

[node name="Torch2" parent="Architecture" instance=ExtResource( 7 )]
transform = Transform( -4.37114e-08, 0, 1, 0, 1, 0, -1, 0, -4.37114e-08, -1.974, 1.45, 4 )

[node name="Torch5" parent="Architecture" instance=ExtResource( 7 )]
transform = Transform( -4.37114e-08, 0, 1, 0, 1, 0, -1, 0, -4.37114e-08, -1.974, 1.45, 12 )

[node name="Torch9" parent="Architecture" instance=ExtResource( 7 )]
transform = Transform( -1, 0, 0, 0, 1, 0, 0, 0, -1, 4.026, 1.45, 17.9879 )

[node name="Torch10" parent="Architecture" instance=ExtResource( 7 )]
transform = Transform( 1, 0, 8.74228e-08, 0, 1, 0, -8.74228e-08, 0, 1, 8.026, 1.45, 14.0445 )

[node name="Torch6" parent="Architecture" instance=ExtResource( 7 )]
transform = Transform( -5.96046e-08, 0, -1, 0, 1, 0, 1, 0, -5.96046e-08, 13.9867, 1.45, 14.4794 )

[node name="Torch7" parent="Architecture" instance=ExtResource( 7 )]
transform = Transform( -5.96046e-08, 0, -1, 0, 1, 0, 1, 0, -5.96046e-08, 13.9867, 1.45, 17.506 )

[node name="Torch3" parent="Architecture" instance=ExtResource( 7 )]
transform = Transform( -1, 0, -8.74228e-08, 0, 1, 0, 8.74228e-08, 0, -1, 4, 1.45, 5.98498 )

[node name="Torch4" parent="Architecture" instance=ExtResource( 7 )]
transform = Transform( -1, 0, -8.74228e-08, 0, 1, 0, 8.74228e-08, 0, -1, 12, 1.45, 5.98498 )

[node name="Torch8" parent="Architecture" instance=ExtResource( 7 )]
transform = Transform( 8.9407e-08, 0, -1, 0, 1, 0, 1, 0, 8.9407e-08, 13.9854, 1.45, -0.0150232 )

[node name="Environment" type="Spatial" parent="."]

[node name="GodRay" parent="Environment" instance=ExtResource( 8 )]

[node name="GodRay2" parent="Environment" instance=ExtResource( 8 )]
transform = Transform( 1, 0, 0, 0, 1, 0, 0, 0, 1, 4, 0, 0 )

[node name="GodRay3" parent="Environment" instance=ExtResource( 8 )]
transform = Transform( 1, 0, 0, 0, 1, 0, 0, 0, 1, 8, 0, 0 )

[node name="GodRay4" parent="Environment" instance=ExtResource( 8 )]
transform = Transform( 1, 0, 0, 0, 1, 0, 0, 0, 1, 12, 0, 0 )

[node name="DustMotes" type="Particles" parent="Environment"]
transform = Transform( 1, 0, 0, 0, 1, 0, 0, 0, 1, 6, 1.5, 2 )
amount = 40000
visibility_aabb = AABB( -8, -1.5, -4.008, 16, 3.2, 8 )
process_material = ExtResource( 10 )
draw_pass_1 = ExtResource( 11 )

[node name="DustMotes2" type="Particles" parent="Environment"]
transform = Transform( 1, 0, 0, 0, 1, 0, 0, 0, 1, 6, 1.5, 16 )
amount = 20000
visibility_aabb = AABB( -8, -1.5, -2.008, 16, 3.2, 4 )
process_material = ExtResource( 10 )
draw_pass_1 = ExtResource( 11 )

[node name="DustMotes3" type="Particles" parent="Environment"]
transform = Transform( 1, 0, 0, 0, 1, 0, 0, 0, 1, 0, 1.5, 10 )
amount = 10000
visibility_aabb = AABB( -2, -1.5, -4.008, 4, 3.2, 8 )
process_material = ExtResource( 10 )
draw_pass_1 = ExtResource( 11 )

[node name="ReflectionProbe" type="ReflectionProbe" parent="Environment"]
transform = Transform( 1, 0, 0, 0, 1, 0, 0, 0, 1, 12.0033, 1.49263, 15.9918 )
extents = Vector3( 2, 2, 2 )
enable_shadows = true

[node name="ReflectionProbe2" type="ReflectionProbe" parent="Environment"]
transform = Transform( 1, 0, 0, 0, 1, 0, 0, 0, 1, 8.00332, 1.49263, 15.9918 )
extents = Vector3( 2, 2, 2 )
enable_shadows = true

[node name="ReflectionProbe3" type="ReflectionProbe" parent="Environment"]
transform = Transform( 1, 0, 0, 0, 1, 0, 0, 0, 1, 4.00332, 1.49263, 15.9918 )
extents = Vector3( 2, 2, 2 )
enable_shadows = true

[node name="ReflectionProbe4" type="ReflectionProbe" parent="Environment"]
transform = Transform( 1, 0, 0, 0, 1, 0, 0, 0, 1, 0.00332451, 1.49263, 15.9918 )
extents = Vector3( 2, 2, 2 )
enable_shadows = true

[node name="ReflectionProbe5" type="ReflectionProbe" parent="Environment"]
transform = Transform( 1, 0, 0, 0, 1, 0, 0, 0, 1, 0.00332451, 1.49263, 11.9918 )
extents = Vector3( 2, 2, 2 )
enable_shadows = true

[node name="ReflectionProbe6" type="ReflectionProbe" parent="Environment"]
transform = Transform( 1, 0, 0, 0, 1, 0, 0, 0, 1, 0.00332451, 1.49263, 7.99177 )
extents = Vector3( 2, 2, 2 )
enable_shadows = true

[node name="ReflectionProbe7" type="ReflectionProbe" parent="Environment"]
transform = Transform( 1, 0, 0, 0, 1, 0, 0, 0, 1, 0.00332451, 1.49263, 3.99177 )
extents = Vector3( 2, 2, 2 )
enable_shadows = true

[node name="ReflectionProbe8" type="ReflectionProbe" parent="Environment"]
transform = Transform( 1, 0, 0, 0, 1, 0, 0, 0, 1, 4.00332, 1.49263, 3.99177 )
extents = Vector3( 2, 2, 2 )
enable_shadows = true

[node name="ReflectionProbe9" type="ReflectionProbe" parent="Environment"]
transform = Transform( 1, 0, 0, 0, 1, 0, 0, 0, 1, 8.00332, 1.49263, 3.99177 )
extents = Vector3( 2, 2, 2 )
enable_shadows = true

[node name="ReflectionProbe10" type="ReflectionProbe" parent="Environment"]
transform = Transform( 1, 0, 0, 0, 1, 0, 0, 0, 1, 12.0033, 1.49263, 3.99177 )
extents = Vector3( 2, 2, 2 )
enable_shadows = true

[node name="ReflectionProbe11" type="ReflectionProbe" parent="Environment"]
transform = Transform( 1, 0, 0, 0, 1, 0, 0, 0, 1, 12.0033, 1.49263, -0.00823402 )
extents = Vector3( 2, 2, 2 )
enable_shadows = true

[node name="ReflectionProbe12" type="ReflectionProbe" parent="Environment"]
transform = Transform( 1, 0, 0, 0, 1, 0, 0, 0, 1, 8.00332, 1.49263, -0.00823402 )
extents = Vector3( 2, 2, 2 )
enable_shadows = true

[node name="ReflectionProbe13" type="ReflectionProbe" parent="Environment"]
transform = Transform( 1, 0, 0, 0, 1, 0, 0, 0, 1, 4.00332, 1.49263, -0.00823402 )
extents = Vector3( 2, 2, 2 )
enable_shadows = true

[node name="ReflectionProbe14" type="ReflectionProbe" parent="Environment"]
transform = Transform( 1, 0, 0, 0, 1, 0, 0, 0, 1, 0.00332451, 1.49263, -0.00823402 )
extents = Vector3( 2, 2, 2 )
enable_shadows = true

[node name="WorldEnvironment" type="WorldEnvironment" parent="."]
environment = SubResource( 2 )

